1012 1624
2332 2110
3170 2108
6628 2466
4620 62
7776 3792
6592 2550
7992 4492
8476 4338
7740 3290
5634 282
7990 3630
8458 4158
7276 1746
7158 438
9856 244
10144 616
7934 824
7284 1466
8672 4402
7718 1326
8634 4248
11596 4286
9226 4338
10796 6798
11782 4770
11366 1610
10410 3504
10812 2542
11696 982
10498 2246
11856 780
11872 1444
12236 4332
11830 1434
11584 2498
12068 4356
10962 7018
12094 7158
12450 6878
12104 7196
7980 6912
8054 7176
5570 6700
8528 6940
10352 6996
9606 5006
8878 4342
8228 4748
7768 4370
6604 2742
4892 3792
6452 2656
3846 3844
4460 4140
5064 4552
5536 4106
5974 3738
6180 3974
7016 4968
6472 4420
6030 4168
5378 4702
4738 5030
6010 6032
4276 4824
1778 5896
2562 5306
706 5500
2636 5214
490 4762
2718 5180
2540 5550
4624 4646
4298 4570
3968 4572
2736 4882
4606 4408
3778 3854
2294 4822
3610 3478
3730 2666
3642 3894
5938 2878
5514 2736
5186 2358
2482 2208
532 1570
702 2188
2264 3376
370 1954
388 834
932 344
1138 166
2794 1026
2730 616
3496 1588
1242 382
438 1546
6268 2266
