Optimal Area Polygonization
278 8258
414 7220
466 5042
500 4932
560 7944
566 7926
658 6230
880 5146
1076 4026
1246 5418
1262 4514
1266 4628
1450 4294
1666 3726
1806 3702
2082 3322
2214 5608
2372 4136
2572 9488
2578 4382
2642 4340
2962 7858
3042 8830
3084 3378
3176 8862
3612 5862
3628 5772
3634 5114
3724 3522
4244 5652
4846 2402
4870 3226
5156 2532
5238 3078
5518 4476
6260 8078
6276 3288
6280 698
6386 9142
6398 7888
6476 3952
6490 8058
6532 8266
6692 8394
6942 210
6970 5876
7074 4198
7226 4690
7378 1788
7434 2852
7638 2092
7656 3990
7660 3958
7698 4250
7740 3700
7860 3370
7990 3484
8116 4180
8212 3252
8406 4434
8438 5082
8440 2492
8564 2678
8646 2642
8680 2298
8698 3466
8702 4332
8762 5464
8796 5326
8840 7606
8860 4170
8916 7232
8952 4432
9026 2614
9160 7068
9240 8750
9316 6660
9372 5244
9380 4964
9518 7574
9524 6886
9544 7176
9544 7572
9718 6076
9860 5034
9984 2474
10016 4300
10112 3214
10118 5474
10186 3964
10208 4598
10230 7354
10284 4050
10294 5798
10406 6390
10464 3324
10474 5118
10580 3290
10642 6484
10648 7148
10676 6138
10684 6520
10734 5172
10782 6198
10842 2742
10844 3660
10866 6106
11000 6058
11016 5980
11068 5254
11082 4252
11138 3586
11210 5464
11218 3114
11246 5538
11272 4386
11320 3316
11348 6044
11394 5492
11404 5542
11610 4474
11738 6506
11744 3692
11820 5328
11864 7276
11890 4970
11894 3704
11920 3632
11938 6658
12012 4638
12046 6548
12052 3742
12072 6290
12074 2904
12100 6112
12126 6132
12146 2994
12162 2920
12182 4702
12194 6230
12204 3754
12206 6442
12230 3490
12248 6266
12304 6362
12378 5994
12414 5122
12416 4218
12450 4522
12458 5594
12464 406
12612 5520
12628 2924
12642 2590
12690 6018
12700 2702
12744 4946
12768 5784
12778 2080
12796 2506
12892 3766
12970 4150
13002 4092
13018 4210
13020 4518
13054 1076
13080 1830
13088 3482
13090 6508
13102 1426
13106 1310
13294 6584
13296 3786
13532 4110
13614 6468
13984 4758
14066 5558
14108 5624
14112 5114
14118 6444
14130 4034
14318 5544
14376 6830
14610 5674
14664 5388
14930 5460
14986 5772
15076 6266
15076 7370
15086 6092
15370 6016
15604 6000
15640 6218
15714 6178
15768 6288
15780 6234
15854 6122
15932 6320
16016 5992
16026 6036
16026 6036 15932 6320
15932 6320 15076 7370
15076 7370 9240 8750
9240 8750 6386 9142
6386 9142 10230 7354
10230 7354 11864 7276
11864 7276 10648 7148
10648 7148 9544 7572
9544 7572 9544 7176
9544 7176 9518 7574
9518 7574 9160 7068
9160 7068 9524 6886
9524 6886 9316 6660
9316 6660 8840 7606
8840 7606 9372 5244
9372 5244 9718 6076
9718 6076 10684 6520
10684 6520 10866 6106
10866 6106 10782 6198
10782 6198 10642 6484
10642 6484 10676 6138
10676 6138 10734 5172
10734 5172 10406 6390
10406 6390 10474 5118
10474 5118 10294 5798
10294 5798 10118 5474
10118 5474 9860 5034
9860 5034 10016 4300
10016 4300 10208 4598
10208 4598 10284 4050
10284 4050 10186 3964
10186 3964 9380 4964
9380 4964 8916 7232
8916 7232 6692 8394
6692 8394 6970 5876
6970 5876 7226 4690
7226 4690 7074 4198
7074 4198 7698 4250
7698 4250 8762 5464
8762 5464 8796 5326
8796 5326 8702 4332
8702 4332 8438 5082
8438 5082 7656 3990
7656 3990 7660 3958
7660 3958 8406 4434
8406 4434 8116 4180
8116 4180 7740 3700
7740 3700 7990 3484
7990 3484 8212 3252
8212 3252 7860 3370
7860 3370 8440 2492
8440 2492 8860 4170
8860 4170 8952 4432
8952 4432 8698 3466
8698 3466 8564 2678
8564 2678 9026 2614
9026 2614 10112 3214
10112 3214 10464 3324
10464 3324 10580 3290
10580 3290 10844 3660
10844 3660 11000 6058
11000 6058 11016 5980
11016 5980 11348 6044
11348 6044 11068 5254
11068 5254 11738 6506
11738 6506 11404 5542
11404 5542 11394 5492
11394 5492 11246 5538
11246 5538 11272 4386
11272 4386 11210 5464
11210 5464 11082 4252
11082 4252 10842 2742
10842 2742 11138 3586
11138 3586 11218 3114
11218 3114 11320 3316
11320 3316 11610 4474
11610 4474 11820 5328
11820 5328 11938 6658
11938 6658 11890 4970
11890 4970 11744 3692
11744 3692 11894 3704
11894 3704 11920 3632
11920 3632 12046 6548
12046 6548 12206 6442
12206 6442 12304 6362
12304 6362 14376 6830
14376 6830 14118 6444
14118 6444 14108 5624
14108 5624 14318 5544
14318 5544 14610 5674
14610 5674 14664 5388
14664 5388 14986 5772
14986 5772 15076 6266
15076 6266 15768 6288
15768 6288 15640 6218
15640 6218 15780 6234
15780 6234 15714 6178
15714 6178 15086 6092
15086 6092 15370 6016
15370 6016 15854 6122
15854 6122 15604 6000
15604 6000 14930 5460
14930 5460 14112 5114
14112 5114 14066 5558
14066 5558 13614 6468
13614 6468 13294 6584
13294 6584 13090 6508
13090 6508 12768 5784
12768 5784 12970 4150
12970 4150 13020 4518
13020 4518 13018 4210
13018 4210 13002 4092
13002 4092 13088 3482
13088 3482 13296 3786
13296 3786 13532 4110
13532 4110 13080 1830
13080 1830 13984 4758
13984 4758 13102 1426
13102 1426 14130 4034
14130 4034 13106 1310
13106 1310 12892 3766
12892 3766 12744 4946
12744 4946 12690 6018
12690 6018 12378 5994
12378 5994 12612 5520
12612 5520 12458 5594
12458 5594 12248 6266
12248 6266 12194 6230
12194 6230 12182 4702
12182 4702 12204 3754
12204 3754 12126 6132
12126 6132 12100 6112
12100 6112 12072 6290
12072 6290 12012 4638
12012 4638 12052 3742
12052 3742 12074 2904
12074 2904 12146 2994
12146 2994 12414 5122
12414 5122 12450 4522
12450 4522 12416 4218
12416 4218 12628 2924
12628 2924 12642 2590
12642 2590 12700 2702
12700 2702 12796 2506
12796 2506 12778 2080
12778 2080 12230 3490
12230 3490 12162 2920
12162 2920 9984 2474
9984 2474 8646 2642
8646 2642 8680 2298
8680 2298 7434 2852
7434 2852 7638 2092
7638 2092 7378 1788
7378 1788 6532 8266
6532 8266 6476 3952
6476 3952 6276 3288
6276 3288 6490 8058
6490 8058 5156 2532
5156 2532 5238 3078
5238 3078 5518 4476
5518 4476 4846 2402
4846 2402 6398 7888
6398 7888 6260 8078
6260 8078 3176 8862
3176 8862 3042 8830
3042 8830 2962 7858
2962 7858 2572 9488
2572 9488 278 8258
278 8258 560 7944
560 7944 2214 5608
2214 5608 566 7926
566 7926 414 7220
414 7220 466 5042
466 5042 658 6230
658 6230 500 4932
500 4932 880 5146
880 5146 1246 5418
1246 5418 1266 4628
1266 4628 1450 4294
1450 4294 1262 4514
1262 4514 1076 4026
1076 4026 1666 3726
1666 3726 2372 4136
2372 4136 2578 4382
2578 4382 2642 4340
2642 4340 1806 3702
1806 3702 3084 3378
3084 3378 3612 5862
3612 5862 3628 5772
3628 5772 4244 5652
4244 5652 3634 5114
3634 5114 3724 3522
3724 3522 4870 3226
4870 3226 2082 3322
2082 3322 6280 698
6280 698 6942 210
6942 210 12464 406
12464 406 13054 1076
13054 1076 16016 5992
16016 5992 16026 6036
Algorithm: incremental_local_search_max
area_initial: 83075854
area: 86521198
ratio_initial: 0.78412
ratio: 0.816639
construction time: 14.14